1.252000000000000000e+03
1.210898639999999887e+03
1.092636739999999918e+03
9.849507800000000088e+02
8.495237799999999879e+02
5.797283400000000029e+02
5.254573400000000447e+02
3.377067999999999870e+02
3.513650400000000218e+02
1.655038399999999967e+02
2.169375799999999970e+02
1.122976799999999997e+02
1.433425000000000011e+02
1.446862999999999886e+02
1.268154399999999953e+02
6.111184000000000083e+01
4.076554000000000144e+01
1.662451599999999985e+02
4.761467999999999989e+01
1.692991199999999878e+02
