6.587814700000000130e+02
6.650010937191713083e+02
6.905664745442268213e+02
7.109978451612903427e+02
6.400728012838801533e+02
7.287445999266054741e+02
7.049520907029477712e+02
7.082540138683287978e+02
6.330613239549838909e+02
7.129087193026152818e+02
6.443585757939913492e+02
7.779028637938693009e+02
7.617238386740330043e+02
7.952323080745341031e+02
6.771116949354518511e+02
7.471535026356589242e+02
6.416185693965517203e+02
6.428210707934720176e+02
6.728682219081272251e+02
6.106582517603460474e+02
7.690509171428573154e+02
6.465931564681724240e+02
6.763022057887119445e+02
7.100569510360705863e+02
7.523155696078430310e+02
7.167548887336243979e+02
7.372276682926827789e+02
6.399070212765959695e+02
7.356132066079296692e+02
6.363148357056696796e+02
6.492340608000001794e+02
6.258074611028313257e+02
7.596272695945941678e+02
7.549269380116954835e+02
6.315652811059902660e+02
6.468726321126770245e+02
6.214540347826088009e+02
7.090865969543149276e+02
7.438558576271187803e+02
7.189991999999999734e+02
