1.000000000000000000e+00
9.991713999998569351e-01
9.822524500004278236e-01
9.136153999997729258e-01
7.724369500000757283e-01
5.988698499999969282e-01
4.665010500000030813e-01
3.474452999999971259e-01
3.066621500000035194e-01
2.434159000000019890e-01
2.181199999999990924e-01
1.975732499999972303e-01
1.631998000000024762e-01
1.492311999999970384e-01
1.308895999999989401e-01
1.154505499999996382e-01
1.116391500000010473e-01
9.968864999999932364e-02
8.872715000000216956e-02
8.923304999999803755e-02
