9.127956562505596949e-01
9.091560345294154022e-01
9.064964275844028530e-01
9.140754458910420599e-01
9.141235522481730991e-01
9.151543354137606778e-01
9.077208730170647222e-01
9.088003638499146941e-01
9.147898782163255138e-01
9.102039283940999148e-01
9.145162223179903460e-01
9.109925104402276652e-01
9.111804772102420902e-01
9.131092546589080206e-01
9.167971861969936853e-01
9.151960798452378754e-01
9.112551829202750753e-01
9.061363261115888967e-01
9.100686634277196374e-01
9.127624437922612355e-01
9.101788597402538095e-01
9.139858347023066543e-01
9.211536848774249941e-01
9.129957317726720145e-01
9.082088835784809522e-01
8.927422048034499014e-01
9.118611219514681787e-01
9.016674939210431727e-01
9.136929449339369347e-01
9.164920965017684384e-01
9.076238860000274133e-01
9.081546102829587408e-01
9.159458310809439618e-01
9.070150175436436646e-01
9.144222615206657467e-01
8.773683338027200573e-01
8.976330434782944234e-01
9.213092741117292483e-01
9.016737203389691979e-01
9.239369999999825778e-01
